Power_odds_ratio Power_Canonical
60.3543743078627 65.4654654654655
62.9877369007804 66.7
60.3794642857143 64.3931795386159
62.2914349276974 66.9338677354709
61.092530657748 65.2304609218437
61.8940248027058 66.4
64.6927374301676 67.434869739479
59.392575928009 63.9558232931727
58.6711711711712 64.0562248995984
64.2384105960265 67.9
62.5555555555556 66.1
60.5823068309071 64.4644644644645
62.6398210290828 68.6372745490982
61.784140969163 65.2652652652653
58.3516483516484 61.2612612612613
62.9464285714286 65.9318637274549
61.217587373168 65.1955867602808
62.4303232998885 64.5
63.9689578713969 67.4674674674675
62.1380846325167 65.2304609218437
60.2449888641425 63.3633633633634
62.6546681664792 66.0660660660661
60.9427609427609 65.0952858575727
62.8348214285714 66.9338677354709
61.9260918253079 66.1661661661662
63.3408071748879 67.9
58.1005586592179 62.0240480961924
61.984392419175 64.8946840521565
62.6681614349776 67.3
63.2385120350109 65.965965965966
61.6161616161616 65.0251256281407
62.3059866962306 66.3
60.738255033557 64.9
62.3188405797101 66.7
61.5982241953385 66.3663663663664
59.9777034559643 64.3286573146293
62.3006833712984 66.1322645290581
65.2561247216036 69.3775100401606
59.1814159292035 63.4904714142427
62.3728813559322 66.4994984954865
62.3883928571429 65.3
65.4444444444444 68.8
62.4168514412417 66.900702106319
59.3818984547461 63.8
60.5442176870748 66.3654618473896
63.2925472747497 66.4658634538153
59.7114317425083 63.4634634634635
60.6741573033708 64.964964964965
59.9774520856821 64.493480441324
64.8648648648649 68.5685685685686
61.5825688073395 66.3663663663664
63.7795275590551 67.0670670670671
60.4444444444444 66.1322645290581
62.3883928571429 65.9979939819458
61.3661814109742 65.6656656656657
58.7709497206704 63.7637637637638
62.3449830890643 65.3306613226453
60.734149054505 64.5937813440321
62.5 66.2662662662663
61.7117117117117 65.1256281407035
62.5139043381535 66.1
62.0727673649394 64.3286573146293
61.25 66.1661661661662
61.7812852311161 66.3663663663664
63.5440180586907 68.1726907630522
63.4529147982063 66.3
61.9479048697622 66.5997993981946
61.2154696132597 64.321608040201
62.6262626262626 67.1342685370741
63.4972677595628 67.1
63.0751964085297 66.1661661661662
63.1991051454139 67.570281124498
61.7877094972067 64.5875251509054
60.5351170568562 64.5937813440321
61.3009922822492 65.3961885656971
63.8368246968026 67.2672672672673
60.2222222222222 62.4248496993988
62.4860022396417 66.5330661322645
61.9101123595506 65.295887662989
62.472647702407 65.965965965966
61.9686800894855 65.7314629258517
62.8318584070796 66.3663663663664
60.6359649122807 65.1955867602808
58.7709497206704 63.2898696088265
59.7176981541802 62.5625625625626
59.2222222222222 63.5270541082164
61.1738148984199 65.295887662989
62.8507295173962 66.5330661322645
63.2882882882883 68.8
60.4419889502762 65
62.0338983050847 66.3326653306613
63.3818589025756 66.2311557788945
62.1468926553672 66.6331658291457
63.5164835164835 66.8
59.0145576707727 63.3266533066132
61.767955801105 65.6312625250501
61.1295681063123 65.4308617234469
63.7795275590551 68.0722891566265
63.4920634920635 68
61.8510158013544 66.3
