chr rs_ids positions RhoChr count
1 SNP_A-2180549 84036690 0.00594295876968243 3230
1 SNP_A-8685467 101179616 0.00564497715629497 3221
1 SNP_A-8298986 101393514 0.0063082020753551 3176
1 SNP_A-8617483 166599354 0.00539272371431498 3226
1 SNP_A-2310167 230048894 0.00669205154914465 3230
2 SNP_A-2214500 6315978 0.00549341090973021 3192
2 SNP_A-8391476 152987972 0.0057625187812167 3229
2 SNP_A-8417572 152994961 0.0054583391223133 3220
2 SNP_A-8524508 193103942 0.00548450093301422 3206
2 SNP_A-8388140 202483300 0.00603725833822888 3230
3 SNP_A-1805997 11681197 0.00546982604623825 3165
3 SNP_A-1972057 23542472 0.00545840702174671 3225
3 SNP_A-8706921 37491087 0.00537345464360572 3227
3 SNP_A-2287960 78837168 0.00541690746341517 3228
3 SNP_A-8483089 78858257 0.00628604958839629 3164
3 SNP_A-1975178 165316352 0.0054145991583896 3225
4 SNP_A-1910027 28094299 0.00554323060239725 3093
4 SNP_A-4302775 28107466 0.00615990029918922 3229
4 SNP_A-8498080 37140742 0.00564429641595754 3083
4 SNP_A-2154025 74072967 0.00558827328098732 3200
4 SNP_A-2133723 134001553 0.0055408352801769 3224
4 SNP_A-1896574 182067194 0.00588475605659955 3228
4 SNP_A-8422373 188326557 0.00578903512021567 3225
5 SNP_A-4294658 42095384 0.00576564880776864 3126
5 SNP_A-8513791 42108907 0.00587877581346485 3155
5 SNP_A-4222810 42198637 0.00579979022688026 3108
5 SNP_A-2106569 72382846 0.00609952778669043 3151
5 SNP_A-1982078 72397388 0.00624434016487263 3215
5 SNP_A-2252797 72397906 0.00554929807885696 3218
5 SNP_A-2110676 72401612 0.00587424143308035 3228
5 SNP_A-8610579 79610288 0.00670004168045146 3089
5 SNP_A-2283679 120119005 0.00602879325801542 3173
5 SNP_A-2011433 167073058 0.00600498291036389 3201
6 SNP_A-4281015 44344347 0.00556954699815737 3141
6 SNP_A-1810824 44438534 0.00653220182147463 3227
6 SNP_A-4259504 67632117 0.00564406038759024 3195
6 SNP_A-4272583 67632329 0.00538382364284962 3183
7 SNP_A-8585774 4141478 0.00602633244786044 3189
7 SNP_A-1836000 23306684 0.00612170907126242 3120
7 SNP_A-2283880 48468113 0.00547955225320895 3156
7 SNP_A-8458351 52667637 0.00666609436171761 3188
7 SNP_A-8463022 52678234 0.00614057572773219 3084
7 SNP_A-4266518 103382599 0.00536434309205291 3216
7 SNP_A-8703801 154068032 0.00550079727573349 3169
8 SNP_A-8338546 2457076 0.00569375626292756 3148
8 SNP_A-8303895 39955285 0.00617093048820383 3215
8 SNP_A-8680990 95064921 0.00568255870800871 3138
8 SNP_A-2110700 127778057 0.00601168798576501 3221
9 SNP_A-8375299 71504796 0.00574211183437701 3191
9 SNP_A-8566248 71548247 0.00536183966994375 3219
9 SNP_A-2304143 71563166 0.0053616676276389 3214
9 SNP_A-8280916 100111383 0.00570050472091843 3126
10 SNP_A-8286238 9093138 0.00552701778499376 3103
10 SNP_A-8427186 9255494 0.00539103182140477 3204
10 SNP_A-4231171 19025217 0.00629153759493262 3226
10 SNP_A-2273569 31474505 0.00563987211098471 3221
10 SNP_A-8409633 60046958 0.0056943236189686 3222
11 SNP_A-2264851 37083612 0.00620167017464079 3173
11 SNP_A-4299392 37084225 0.00599894831634717 3080
11 SNP_A-2208459 77608147 0.00540094289987114 3212
11 SNP_A-8395311 77652729 0.00539785247213542 3228
11 SNP_A-8604226 95563915 0.00614696378815971 3194
11 SNP_A-8357243 97849853 0.00537745589685246 3169
11 SNP_A-1791391 123458778 0.00599654508587077 3225
11 SNP_A-1911017 123459575 0.00628029330797664 3206
12 SNP_A-2135154 41903381 0.00575037612546758 3179
12 SNP_A-2285680 76913545 0.00581024863759438 3223
12 SNP_A-8444554 76921983 0.00687558192786875 3153
12 SNP_A-2086626 91700336 0.0054711917690895 3221
13 SNP_A-8684968 41872818 0.00566581403949296 3169
13 SNP_A-8678445 68326904 0.00536188741613475 3225
13 SNP_A-8328160 74655102 0.00567339234072595 3219
13 SNP_A-2168045 85241588 0.00570591339984894 3185
13 SNP_A-1876668 85242490 0.0053972752259297 3173
13 SNP_A-1909317 85242541 0.00577560871703997 3179
13 SNP_A-2037982 85242863 0.00554950002769528 3204
13 SNP_A-2145747 85243493 0.00568412441733801 3168
13 SNP_A-2284426 85245812 0.0062485985214833 3206
13 SNP_A-2152524 85245829 0.00535582859496753 3166
13 SNP_A-4291083 85246243 0.00595249456585778 3144
13 SNP_A-2241382 85247346 0.00567110315781916 3143
13 SNP_A-8514054 85850908 0.00587032292341538 3159
14 SNP_A-8531369 64749960 0.00899546813613084 3079
15 SNP_A-8553330 64868897 0.00586812692728622 3230
15 SNP_A-2196247 86197103 0.00557412949216296 3226
16 SNP_A-2082116 3051204 0.00605074651729409 3227
16 SNP_A-8321957 11021507 0.0060487067830719 3083
16 SNP_A-8497045 57601372 0.00587289371784627 3186
17 SNP_A-2217843 32708136 0.00694086721983411 3221
18 SNP_A-8692188 67987479 0.00628682122846724 3130
18 SNP_A-1949471 73977820 0.00575485972375245 3202
19 SNP_A-8701866 16268776 0.00560053398737748 3219
19 SNP_A-2094893 22701498 0.00542771312699708 3228
19 SNP_A-8703721 38879122 0.00545912298589024 3203
20 SNP_A-2114912 13790413 0.00567254958219365 3229
20 SNP_A-8459427 23127989 0.00714917119379965 3196
20 SNP_A-2295633 23130559 0.00541243617655618 3225
20 SNP_A-8708943 60106059 0.00556338065767426 3224
21 SNP_A-2049069 27206844 0.00534678261825472 3217
22 SNP_A-8561339 44532562 0.00692502055772914 3119
