rho p_val chi
acdc_rs1501299 0.00172368441273441 0.299993772673916 0.299993772673916
actn3_rs540874 0.000784063628640252 0.578296570235968 0.578296570235968
actn3_rs1815739 0.000201246862334248 0.868862031460503 0.868862031460503
actn3_1671064 0.000120792980754736 0.919087547713794 0.919087547713794
adrb2_rs1042718 0.000335484236237749 0.791096169457862 0.791096169457862
akt1_t22932c 0.000410541151110611 0.75068962566233 0.75068962566233
akt1_g15129a 0.00114860600635192 0.448296114324512 0.448296114324512
akt1_c10744t_c12886t 0.000673470123960573 0.624740521165303 0.624740521165303
akt1_t10726c_t12868c 0.0013745766029889 0.382838612003321 0.382838612003321
akt1_t10598a_t12740a 0.00506503206561892 0.0290735952096799 0.0290735952096799
akt1_c9756a_c11898t 0.00989709067576605 0.00099465179480632 0.00099465179480632
akt1_t8407g 0.00193961097983819 0.257994175623831 0.257994175623831
akt1_a7699g 0.00172120949648846 0.30051282913262 0.30051282913262
akt1_c6024t_c8166t 0.0102955239099034 0.000753016475140082 0.000753016475140082
akt1_g2347t_g205t 0.00281256848657185 0.140214892345747 0.140214892345747
akt1_g4362c 0.00184860468703341 0.27492680678342 0.27492680678342
akt2_7254617 0.00222210559612512 0.211794088092489 0.211794088092489
akt2_rs892118 0.00181818056972483 0.280831866676925 0.280831866676925
akt2_2304186 0.00378095131444711 0.0712903365403039 0.0712903365403039
ankrd6_a550t 0.000216276476840305 0.648077071648304 0.648077071648304
ankrd6_q122e 0.00307316350430153 0.116880327706881 0.116880327706881
ankrd6_m485l 0.000171042310898706 0.720043711270789 0.720043711270789
ankrd6_p636l 0.000554957859670635 0.678657928889495 0.678657928889495
ankrd6_t233m 0.000794985521517244 0.573901565077922 0.573901565077922
ankrd6_i128l 0.00153125563850587 0.343151903160196 0.343151903160196
ankrd6_g197805a 0.000481148836175782 0.714564178946028 0.714564178946028
ankrd6_a545t 0.00019126818814863 0.87493924491173 0.87493924491173
apoe_c472t 0.000495563742224592 0.45739679363083 0.45739679363083
bcl6_4686467 0.0069194248157376 0.00796086008731536 0.00796086008731536
bcl6_3774298 0.00391801761375099 0.064781493975775 0.064781493975775
bcl6_17797517 0.00150390741116646 0.349770054798155 0.349770054798155
bcl6_1056932 1.66863178872045e-05 0.988412267922387 0.988412267922387
bmp2_rs15705 1.811994567813e-05 0.987422978152552 0.987422978152552
c8orf68_rs6983944 0.000300235405903404 0.810815756738177 0.810815756738177
carp_a8470g 0.000323264497897213 0.797877460350835 0.797877460350835
carp_c105t 0.000950347233547477 0.514881993899998 0.514881993899998
cast_rs754615 0.00115282818615059 0.446975950412059 0.446975950412059
cast_rs7724759 0.000237241603361582 0.847289151096056 0.847289151096056
cav2_q130e 0.00158883545060062 0.329624364504734 0.329624364504734
cntf_g6a 0.000289478036046509 0.816931191843713 0.816931191843713
ctsf_572846 0.000959528756493855 0.511590470447207 0.511590470447207
ddit_rs1053227 0.000333153411919973 0.792385186958667 0.792385186958667
esr1_rs1801132 0.00129610577644157 0.404408454875718 0.404408454875718
esr1_rs1042717 6.61043015655061e-05 0.954875938143155 0.954875938143155
esr1_rs2228480 0.000315817263018658 0.8020387478795 0.8020387478795
esr1_rs2077647 0.000781586735670414 0.579297952765504 0.579297952765504
esr1_rs9340799 0.000564285567280054 0.674250571910672 0.674250571910672
esr1_rs2234693 0.00136763883260649 0.384698362969665 0.384698362969665
fbox32_rs6690663 0.00281053902119943 0.140413799342092 0.140413799342092
fbox32_rs3739287 0.0013198029020105 0.397769603476417 0.397769603476417
fbox32_rs4871385 0.00129042179368577 0.406017253941903 0.406017253941903
fbox32_rs2891770 0.000962855000155471 0.510403230506826 0.510403230506826
fbox32_rs6983944 0.000908374369016141 0.530200789134069 0.530200789134069
fstl1_rs9631455 0.00185301515840419 0.274081139150354 0.274081139150354
gdf8_rs1805086 0.00753198445772929 0.00518963898619403 0.00518963898619403
gdf8_rs1805085 0.00103098370735299 0.486683083846297 0.486683083846297
gnb3_rs5443 0.00164490680132889 0.316963897143386 0.316963897143386
gs_s287nga 0.00248495473917099 0.176269556371165 0.176269556371165
hsd11b1_rs4844880 0.00125021485318477 0.417581695934167 0.417581695934167
hsd11b1_rs846910 0.000340851764962569 0.788135729950848 0.788135729950848
hsd11b1_rs846907 0.00130675841959804 0.209599911596923 0.209599911596923
igf1_2288377 7.83754607964759e-05 0.946726286892396 0.946726286892396
il6_g572c 0.00162939888137603 0.320416002824653 0.320416002824653
il6_c174g 0.00382129600285053 0.0693093640879037 0.0693093640879037
il15ra_3136618 0.00361930862100923 0.079811548115065 0.079811548115065
il15ra_2228059 0.00521022620453082 0.0262695973212899 0.0262695973212899
il15_1057972 0.00107640524903396 0.471484492836145 0.471484492836145
il15_1589241 0.00251477669838485 0.172635727843077 0.172635727843077
il15_rs2296135 0.00241679189261435 0.1848650578673 0.1848650578673
insig2_rs7566605 0.000552022844351852 0.680050678230215 0.680050678230215
lepr_8179183 0.000803622444954133 0.570449702304696 0.570449702304696
lepr_1805096 0.0051328143105096 0.0277291576714368 0.0277291576714368
lrp5_snp2 0.00135191309939087 0.388947346749596 0.388947346749596
lrp5_snp3 0.000342750153998317 0.787091335072957 0.787091335072957
lrp5_snp4 0.00385503175624913 0.0676952217214605 0.0676952217214605
mgst3_4147542 0.000107118607951096 0.927908316776359 0.927908316776359
mgst3_7549530 9.40753306610809e-05 0.93640086607542 0.93640086607542
mlck_c49t 0.00327966097915833 0.101181110575608 0.101181110575608
mlck_g91689t 0.000453182209857239 0.728660200017993 0.728660200017993
mulk_3757470 -0.216046852285174 0.113065091188942 0.113065091188942
mylk_c37885a 0.00137782149550203 0.381971868939008 0.381971868939008
myod1_rs2249104 0.00139973473483157 0.376169773482422 0.376169773482422
nnmt_g5082t 0.00268557178341045 0.153221316346426 0.153221316346426
nos3_rs1799983 0.000207719751342594 0.864942501673946 0.864942501673946
nr3c1_rs10482616 0.000567898555381863 0.672551129813243 0.672551129813243
nr3c1_rs10482614 0.00209779418698841 0.231006544056796 0.231006544056796
nr3c1_rs4634384 0.000955790654612487 0.512928011434127 0.512928011434127
nr3c1_rs6195 0.000983564420962146 0.503073121817083 0.503073121817083
opg_3102735 0.000377660523969592 0.768130317493536 0.768130317493536
p2rx2_7966242 0.00180707395666357 0.283019024637856 0.283019024637856
p2ry2_2511241 0.0019220727917495 0.261174152024001 0.261174152024001
p2ry2_rs1783596 0.00184148401923934 0.27629764030151 0.27629764030151
pcr15_snp2 0.000353678741453312 0.781105854726294 0.781105854726294
pcr15_snp3 0.0022868392710631 0.202430789553644 0.202430789553644
pcr5_snp1 0.00508825084928888 0.156504982168556 0.156504982168556
pik3_rs3173908 0.000467423826008284 0.721447590918062 0.721447590918062
ppara_1800206 0.000829802652617895 0.560112763095216 0.560112763095216
resistin_a537c 0.000721141280448645 0.604280258579518 0.604280258579518
rnf28_c16242t 0.00319904472626709 0.107042134538555 0.107042134538555
slc35f1_rs10484290 0.000510778040806237 0.699927541455295 0.699927541455295
syngr2_c886t 0.00213157095531868 0.225620180161071 0.225620180161071
tcfl72_12255372 0.00141596058500681 0.371930426169292 0.371930426169292
tcfl72_7903146 0.00105783634348966 0.477639657240561 0.477639657240561
tpd52l1_514096 0.000204349304488316 0.866981197589217 0.866981197589217
tpd52l1_4896782 0.000942484032627977 0.51771773581729 0.51771773581729
tdp52l1_9321028 0.000767366358811694 0.585080753193418 0.585080753193418
tpd52l1_3799736 0.000750845203024042 0.591871709615852 0.591871709615852
vdr_taq1 0.00072334371614402 0.603351347726037 0.603351347726037
vdr_fok1 0.00190587722318503 0.264145487029745 0.264145487029745
vdr_bsm1 0.000165435649141621 0.890869968561132 0.890869968561132
vdr_rs731236 0.00156058755439736 0.336192822630616 0.336192822630616
